0542248074
1004188893
2782791442
6247573665
7056971327
1840741714
4797641066
5351150639
3389147856
3853252383
9561895746
8810836426
2206289173
5703944253
5468414010
7098984697
9881191351
8075062988
8394653199
4254150887
91763413
06308044
44959606
01433143
18206838
71668670
35974595
74683898
47609267
80973937
77370128
28812187
93916173
32601791
19328701
15653136
25599549
28716964
32443158
17846143
16377884
30441985
71567833
89177958
31204993
66938532
51062534
48330728
07104586
86983561
92610158
45575394
88127123
95630907
44970133
34805391
10655866
